388690
388494
388246
388232
388220
388396
388438
388194
388196
388228
387954
387768
387708
387636
387610
387596
387404
387438
387342
387270
387120
387128
387040
387214
387086
387064
387022
387114
386996
386868
386808
386790
386684
386408
386448
386380
385948
385860
386004
385700
385558
385536
385494
385400
385510
385612
385354
385128
384932
384958
384580
384010
383618
383750
383822
383924
383902
383882
383958
383888
383552
383564
383590
383710
383338
383228
383042
382804
382456
382380
382356
382180
381954
381958
381676
381804
381696
381836
382032
381956
381812
381870
381956
381942
381876
381892
382276
382340
382112
381928
381826
381950
381996
381996
381902
381958
382262
382166
381914
381936
381914
381134
381122
381096
381076
381042
380912
380756
380386
380274
380248
380214
380108
380302
380092
380062
379986
379568
379230
379050
378910
378784
378688
378470
378184
378256
377978
377776
377740
377818
377654
377650
377642
377506
377604
377584
377380
377224
377010
376934
376886
377054
376880
376968
376882
376902
376754
376782
376786
376972
376956
376872
377048
377022
377062
376830
376566
376458
376402
376454
376216
376046
376072
376124
375828
375512
375364
375284
375188
375026
374798
374792
374762
374710
374656
374582
374426
374406
374262
374282
374398
374022
373918
373870
373626
373486
373408
373104
372998
372586
372626
372346
372222
371918
371926
371850
371924
371862
371538
371500
371078
370940
370570
370612
370296
370278
370188
370124
370172
370330
370126
370028
369794
369876
369696
369844
369828
369662
369466
369402
369268
369202
369178
369118
368864
368820
368680
368860
368756
368874
368966
368756
368758
368756
368828
368726
368652
368608
368628
368760
368722
368546
368254
368250
368050
367932
368288
368400
368244
368114
367930
367582
367318
367268
367080
366920
367000
367024
366814
366774
366694
366390
366380
366296
366022
366024
365876
366050
366224
366264
366098
366142
366238
366268
366240
366278
366440
366174
365956
365654
365660
365808
365828
365848
365790
365798
365760
365740
365464
365398
365134
364936
364984
365104
365084
365112
365070
365032
365018
364744
364684
364562
364654
364496
364320
364248
364184
363954
363896
363804
363630
363640
363694
363466
363380
363342
363364
363280
363238
363236
363120
363012
363168
363248
363044
363068
362838
362760
362680
362640
362690
362472
362510
362294
362156
362170
362316
362302
361986
361822
361954
361872
361798
361932
361452
361278
361274
361194
361310
361224
361246
361158
361196
360998
361034
361054
360888
360834
360748
360636
360630
360542
360520
360306
360348
360216
360334
360356
360366
360406
360434
360262
360292
360260
360140
360066
360194
360052
359852
359936
359646
359512
358920
358554
358404
358240
358056
358090
358118
358002
357672
357392
357388
357566
357614
357502
357084
357118
357044
357106
357264
357308
357322
357184
357094
357114
357130
357404
357396
357492
357070
357076
357056
356958
356746
356372
356288
356260
356044
355718
355816
355690
355554
355292
354918
354894
354798
354926
354852
354558
354396
354820
354768
354730
354718
354502
354244
354168
353738
353730
353582
353386
353238
353160
353110
352728
352830
352696
352708
352798
352702
352602
352660
352666
352536
352526
352096
351750
351614
351522
351444
351476
351320
351316
351024
350902
350926
351038
350914
350682
350852
350922
350900
350830
350750
350738
350748
350934
350642
350706
350558
350402
350548
350388
350182
350114
350032
349994
349992
349894
349670
349652
349330
349398
349562
349534
349450
349508
349636
349660
349558
349558
349622
349540
349058
348862
348788
348802
348458
348448
348416
348060
348098
348090
347982
347970
347872
347648
347842
347668
347672
347662
347544
347390
347350
347252
347128
347146
347014
346888
346904
346962
346724
346658
346698
346660
346402
346490
346478
346466
346088
345822
345786
345762
345440
345326
344926
345022
345088
344786
344780
344714
344460
344424
344470
344500
344352
344356
344400
344000
344106
343640
343646
343612
343652
343574
343472
343274
343296
343258
343020
343172
343104
343102
343068
342830
342752
342756
342772
342404
342340
342308
342066
341732
341902
341886
341870
341880
341850
341806
341750
341674
341550
341560
341512
341472
341576
341504
341578
341608
341646
341192
341098
341194
340754
340798
340888
340712
340362
340308
340254
340106
340110
339790
339532
339466
339072
338954
338900
338706
338708
338592
338504
338376
338352
338374
338096
338008
338044
337996
338250
338054
337944
337952
337972
338066
338166
338192
338046
338008
337556
337510
337442
337376
337328
337064
337064
337064
337184
336956
336936
336814
335914
335924
335964
335940
335910
335526
335400
335390
335458
335400
335226
335336
335346
335178
335078
334882
334748
334764
334296
334088
333948
334008
333838
333462
333498
333794
333544
333488
333194
333160
333138
332890
332792
332774
332876
332578
332544
332472
332454
332288
332016
332078
331944
331466
331380
331268
331286
331334
331214
331380
331084
331240
331172
330934
330638
330676
330736
330870
330968
330922
330842
330812
330732
330852
330796
330632
330466
330354
329954
329950
329838
329798
329832
330074
330038
329972
329914
329690
329518
329632
329392
329340
329358
329236
328906
328730
328666
328482
328526
328624
328516
328390
328320
328248
328318
328334
328416
328444
328362
328376
328344
328332
328196
328236
328164
328136
328072
327730
327810
327674
327666
327392
327224
327128
326730
326980
326956
326904
326694
326720
326810
326624
326606
326424
326316
326202
326192
325830
325772
325826
325622
325482
325630
325666
325604
325710
325632
325520
325520
325590
325648
325172
325202
325170
325114
325316
325242
325124
325216
325370
325178
325080
325088
325088
325178
325014
324966
325016
324712
324420
324162
324118
323748
323814
323824
323740
323830
323850
323926
323630
323636
323590
323696
323792
323618
323642
323386
323256
323276
323396
323308
323364
323002
322896
322826
322948
323206
323252
323062
323018
322856
322912
323088
322994
322968
322958
322920
322824
322740
322556
322368
322486
322504
322428
322320
322286
322278
322144
321462
321486
321412
321184
321114
321086
321086
320870
320520
320640
320394
320270
320404
320496
320764
320754
320782
320524
320412
320116
319824
319850
319850
319900
319714
319766
319760
319822
319798
319498
319364
319320
319150
318882
318838
318980
318932
318892
318502
318476
318534
318314
317988
317804
317642
317498
317632
317662
317146
317154
317046
316978
316960
317096
317168
317082
317264
317202
317286
316986
316746
316762
316720
316688
316666
316468
316540
316574
316524
316448
316150
316216
316234
316230
316138
316050
316104
316094
316246
316272
316172
315946
315930
316142
315840
315606
315590
315366
315230
315148
315136
315330
315362
315400
315296
314890
314910
315042
315154
315090
314664
314616
314410
314168
314034
313952
313804
313280
313008
312948
312628
312350
312274
312340
312144
312084
312186
312238
312184
312158
312138
312180
312274
312296
312140
311848
311868
311750
311518
311180
311100
310796
310754
310646
310584
310564
310370
310618
310496
310208
310682
310636
310638
310712
310580
310644
310582
310286
310228
310304
310318
310244
310280
310346
310122
309744
309728
309584
309658
309272
308914
308702
308422
308068
307602
307678
307792
307984
307804
307492
307412
307408
307406
307300
307380
307168
307208
307262
307426
307286
306916
306460
306138
305762
305854
305084
304952
304758
304968
305000
304884
305068
305026
304802
304640
304604
304458
304490
304450
304490
304544
304318
304158
303922
303600
303414
303574
303330
303412
303586
303906
303796
303620
303744
303672
303504
303190
303200
302974
303092
303474
303038
302730
302766
302716
302388
302242
302096
302130
302300
302400
302308
302140
302174
302164
302096
302082
301818
301950
301948
301564
301328
300888
300552
300364
300280
300130
299936
299900
299782
299758
299582
299666
299668
299288
299370
299186
298948
298720
298538
298526
298232
298122
298076
298062
298160
298212
297566
297538
297364
297174
296984
296976
297190
297262
297266
296990
297058
297210
297128
297082
297122
296866
296922
296922
296904
296894
296804
296614
296634
296924
296874
297006
297040
297400
297496
297506
297460
297480
297460
297326
297316
297348
297374
297362
297272
297100
297358
297108
296954
296594
296688
296824
296764
296404
296394
296318
296228
296436
296538
296326
296070
296042
296094
296178
295784
295810
295488
295498
295680
295750
295308
295330
295046
294966
294758
294668
294432
294360
294236
293902
293998
293916
293688
293940
293870
293874
293892
294030
293700
293620
293634
293200
292600
292456
292446
292018
292006
292008
291936
291778
291282
291090
291110
291014
291058
291312
291308
291134
291158
290600
290634
290452
290414
290254
290332
290372
290040
289510
289220
289222
289188
288968
288846
288778
288174
288146
288086
288060
288232
287824
287726
287684
287640
287500
287516
287406
287030
286944
286658
286878
286770
286676
286590
286392
286378
286474
286492
286542
286502
286520
286380
286194
286306
286326
286372
286128
285746
285716
285762
285604
285532
285584
285350
285410
285422
285386
285842
285920
285432
285118
284982
284962
284774
284622
284424
284320
284292
284410
284500
284112
283990
283698
283550
283528
283542
283376
283230
283280
283048
282840
282550
282440
282332
282254
281722
281892
281936
281606
281556
281612
281376
281374
281220
281256
281380
281322
281100
281136
281104
281106
281156
280886
280954
281166
281138
281108
281134
280982
281008
281072
281226
281080
280784
280936
280982
280688
280180
279794
279642
279120
279098
278966
279090
278892
278872
278866
278826
278770
278828
278668
278672
278636
278794
278974
278598
278570
278516
278482
278620
278940
279084
279194
279222
279138
279200
278876
278496
278500
278204
278162
278136
277694
277730
277530
277472
277318
277316
277176
276836
276918
276616
276458
276144
276406
276450
276418
276364
276300
276212
276282
276140
276034
275690
275308
275116
274606
274490
274356
274826
274932
274398
274434
274764
274882
274608
274598
274696
274536
274430
274180
274084
274190
273970
273950
273998
273898
273836
274060
273910
274220
274122
273902
273896
274154
274376
274468
274092
274008
274306
273964
274150
273834
273740
273492
273184
273172
273194
272752
272902
272688
272672
272554
272396
272466
272476
272558
272364
272038
272104
272124
272026
272102
272300
272214
272170
272026
272044
271764
271800
271326
271196
271316
271534
271502
270934
271130
271072
270596
270678
270406
270262
269888
270194
270234
270304
270334
269952
269928
269830
269524
269470
269488
269270
269572
269576
269628
269464
269484
269598
269382
269238
269480
269384
269438
269460
269418
269230
269248
269600
269452
269458
270014
270230
270220
270148
269886
269664
269796
269756
269908
269724
269418
269292
269674
269674
269670
269742
269674
269642
269438
269382
269296
269130
269238
268848
269168
269116
268718
268622
268524
268558
268628
268270
268252
268054
267744
267746
267786
267404
267540
267628
267348
267292
267346
267294
267060
266950
267016
266434
266114
265342
265026
264918
264984
265076
264874
264700
264154
264134
264160
264184
263548
263638
263378
263242
263126
263432
263496
263422
263440
263458
263574
263622
263626
263656
263632
263576
263382
263358
263344
263318
263034
262838
262796
262536
262682
262570
262424
262254
262322
262318
262488
262142
262066
262072
262138
262144
261864
261722
261924
261934
261738
261584
261554
261610
261466
261366
261216
261098
261082
261188
261314
261264
261128
261034
260970
261106
261090
261132
260796
260782
260800
260394
260146
259808
259752
259896
259824
259734
259500
259638
259538
259548
259474
259428
259404
259554
259568
259930
259974
259842
259756
259852
259756
259804
259586
259316
259416
259362
259258
258778
258944
258872
258942
258870
258778
258326
258220
258070
258214
258216
258252
258374
258408
258404
258094
257960
258174
258174
258004
258058
257452
257266
257116
257100
256866
256834
257064
257056
256740
256452
256626
256506
256430
256538
256502
256590
256626
256500
256768
256646
256518
256484
256570
256526
256542
256250
255746
255616
255732
255682
255202
255110
255152
255130
255488
255574
255588
255774
255798
255692
255734
255930
255856
255444
255394
255634
255422
255288
255396
255084
255038
255186
255104
255308
255264
255148
254918
255052
254686
254558
254612
254550
254412
254468
254624
254556
254406
254272
254454
254540
254354
254220
254390
254390
254028
254014
253810
253944
253702
253602
253220
253064
252998
252854
253134
252982
253014
252920
252844
252742
252946
252984
253034
252704
252184
252018
252090
251768
251706
251752
251578
251582
251358
251046
250934
250940
250928
251090
251130
251134
250898
250492
250504
250352
250414
250428
250748
250650
250708
250626
250474
250264
250404
250330
250230
250242
250028
249886
249660
249468
249656
249476
249698
249502
249414
249456
249624
249686
249468
249478
249454
249628
249624
249776
250026
250012
249316
249240
249098
249114
249076
249142
249096
249176
249088
248490
248662
248706
248698
248522
248348
248274
248526
248496
248508
248510
248612
248590
248516
248780
248746
248420
247850
247426
247398
247400
247294
247174
246858
246778
246738
246242
246060
246056
246162
246178
246146
246152
246422
246396
246712
246758
246766
246980
246874
246880
246844
246858
246746
247000
246938
246592
246648
246418
246342
246490
246476
246392
246474
246318
246208
246252
246046
246206
246220
246084
246126
245996
246018
245638
245526
245518
246076
246108
245916
245766
245780
245428
245424
245414
245436
245446
245428
245396
245298
244846
244852
244450
244362
244316
244310
244184
244266
244354
244364
244294
244120
244136
244140
243684
243630
243682
243616
244134
243712
243612
243582
243642
243846
243788
243864
243590
243578
243240
243218
243026
242978
243308
243286
243364
243512
243562
243556
243796
243542
243538
243060
242926
242986
243266
243358
242948
242632
242628
242320
242304
242228
242454
242352
242216
242240
242204
242208
242206
242100
242126
242302
242344
242440
242490
242430
242040
242316
242374
242362
242310
242736
242690
242662
242854
242490
242272
242140
241860
241864
241638
242034
241912
242018
241942
242008
242278
242118
241642
241578
241576
241556
241416
241378
241398
241346
241174
241890
241960
242032
242140
242092
242140
242256
242190
242280
242114
242240
242358
242242
242222
241954
241930
242136
242046
241914
241804
241784
241718
241658
241264
241138
241122
241074
241180
240798
240652
240646
240662
240658
240636
240512
240114
240186
239756
240004
239994
239724
239592
239590
239438
239802
239692
239738
239760
239868
240132
240116
240406
240490
240596
240866
240978
241076
240474
240340
240434
240564
240484
240512
240486
240468
240338
240194
240044
240110
240018
239978
239672
239740
239434
239602
239798
239430
239252
239258
238814
238600
238586
238538
238370
238104
237760
237296
237204
237000
236496
236506
236484
236254
236266
236390
236244
236472
236370
236738
236860
236570
236408
236290
236320
236158
236026
235972
235954
235854
235560
235358
235390
235522
235562
235486
235664
235686
235714
235742
235040
235056
235048
234680
234340
234440
234594
234448
234152
234248
233918
233948
233868
233792
233760
233796
233804
233870
233906
233778
234056
233936
233854
233462
233438
232926
232796
232734
232762
232762
232964
232760
232730
232184
231686
231688
231744
231562
231638
231516
231468
231732
231768
231788
231736
231666
231672
231572
231612
231616
231932
231612
231538
231520
231536
231460
231150
231230
231226
231244
230684
230208
230112
230102
230110
230030
229922
229962
230002
229882
229702
229840
229808
229878
229982
230092
229878
229666
229966
230058
229860
229698
229902
229902
229558
229694
229374
229168
229240
229294
229472
229600
229292
229184
228912
228594
228434
228368
228614
228680
228400
228280
228346
228694
228440
228384
228436
228504
228440
228562
228514
228464
228286
228118
228080
228238
228310
228252
227432
227122
227176
227362
227326
227282
227286
227374
227396
227314
227532
227750
227796
227744
227200
227158
226898
226950
226620
226688
226600
226306
226012
226062
226106
226134
226028
225808
225800
225892
225696
225540
225620
225800
225494
225618
225244
225204
225092
225020
224756
224740
224648
224868
225016
225238
225112
225134
225210
225370
225510
225440
225298
225328
225396
225474
225538
225508
225388
225088
224978
224704
224248
224132
223722
223870
223770
223732
223778
223722
223534
223304
223182
223016
223164
223626
223600
223680
223700
223774
223496
223412
223366
223414
223328
223220
223114
223058
223094
222986
223210
222938
223042
222968
223008
223204
223184
223256
223112
223090
223308
223332
223330
223396
223646
223240
223326
223170
223222
223182
222874
222426
222810
222848
222670
222640
222030
222040
222366
222430
222432
222376
221946
221860
221670
221614
221538
221416
221386
221362
221086
220866
220666
220526
220258
220284
220226
220258
220168
220484
220540
220532
220516
220456
220458
219996
220104
219996
219808
219750
219732
219248
218898
218924
218700
218686
218714
218852
218954
219028
218952
218838
218680
218212
218346
218016
217470
217414
216896
217058
216864
216788
216982
216540
215824
216204
216398
216194
216354
216372
216304
216308
216072
216102
216216
216292
216228
215966
215914
215746
215804
215800
215802
215878
215540
215432
215460
215536
215400
215154
215198
215000
214776
214774
214910
214924
214820
215076
215340
215308
215652
215616
215554
215788
215528
215634
215636
215744
215560
215232
214848
214760
214784
214846
214936
215172
214842
214766
214672
214532
214186
214174
213804
214002
213840
213906
213690
213642
213708
213818
213816
213560
213394
213268
213214
213426
213472
213716
213748
213838
213950
214002
214110
214140
214262
214312
214448
214432
214620
214728
214654
214656
214084
214226
214394
214148
213832
213788
213844
214136
213744
213546
213784
213532
213446
213298
212740
212798
212746
212894
213086
213394
213046
212990
213118
212986
212422
212218
212286
212376
212358
212042
211974
211930
211556
211866
211712
211548
211400
211128
211202
211094
211272
210990
210678
210716
210882
210842
210806
210582
210776
210348
210096
209828
209746
209462
209460
209388
209552
209372
209340
209356
209258
209370
209382
209392
209350
209222
209266
209262
208986
208896
208956
208586
208366
208464
208628
208598
208602
208748
208456
208400
208394
208346
208370
208198
208308
208390
208244
207750
207628
207572
207576
207332
207282
207180
206928
207110
207370
207420
207038
206744
206882
206554
206736
206644
206508
206290
206280
206436
206020
206224
205928
205772
205454
205470
205474
205504
205546
205316
205514
205894
205612
205508
205386
205326
205170
205130
204974
205136
204940
204942
204620
204390
204584
204422
204442
204532
204394
204662
204926
205012
205092
205100
204894
204850
204586
204120
204316
204266
204096
203904
204042
203950
203876
203778
203782
203862
204092
203880
204128
204030
204130
204264
204482
204446
204646
204468
204384
204474
204406
204398
204444
204518
204028
203810
203732
203830
203890
204048
203838
203868
203864
203912
203892
203842
204000
203916
203592
203444
203498
203494
202776
202946
202982
203072
202938
202654
202698
202426
202666
202304
202224
202286
202294
202308
202454
202266
202320
202118
202396
202230
202068
202086
202110
201902
201672
201838
201820
201896
201790
201574
201636
201448
201344
201268
200960
200912
200974
200916
200688
200496
200438
200424
200362
200374
200014
199796
199632
199518
199532
199532
199492
199570
199772
200018
199790
199518
199550
199570
199862
199830
199842
199366
199348
199754
200036
199952
199926
199812
199918
199744
199718
199680
199428
199042
199018
198910
198904
198796
198498
198398
198264
198292
198270
197452
196996
197288
196784
196558
196382
196160
196148
196112
195750
195394
195290
195222
195238
195226
195228
195432
195388
195032
195188
195292
195200
195038
194726
194670
194452
194462
194454
194458
194614
194622
194148
194146
194244
194136
194164
194220
194286
194054
193968
193714
193652
193768
193906
193414
192832
193094
193140
193168
192758
192602
191902
191824
191738
191718
191758
191746
191600
191434
191352
191386
191480
191402
190920
190768
190644
190626
190850
190690
190514
190286
190284
189550
189198
189154
188998
188918
188780
188756
188706
188490
188134
188122
188272
188252
188236
188114
188082
188282
188302
187912
187896
187846
187918
188004
187938
188020
187978
187354
187030
186684
186686
187108
186764
186778
186650
186648
186490
186492
186504
186490
186686
186132
186092
185846
185512
185264
185564
185456
185530
185610
185666
185686
185506
185570
185438
185430
185598
185476
185790
185644
185472
185404
185350
185192
185300
185490
185296
185328
185276
185174
185060
185132
185308
185454
185444
185508
185850
186080
186116
185802
185314
185216
185226
185150
184968
184980
184976
184922
184706
184740
184836
184782
184750
184794
184480
184654
184342
184282
184182
184084
183866
183868
183834
183076
182840
182718
182680
182326
182906
182998
183054
182710
182648
182512
182264
182400
182490
182584
182802
183152
182544
182258
182044
182170
181986
182018
181786
181874
181516
181980
182036
181648
181836
181816
181274
181288
181470
181562
181770
181598
181782
181836
181604
181688
180824
180872
181054
180772
180590
180606
180648
180636
180532
180586
180712
180774
180982
181150
181212
181426
181470
181730
181608
181654
181474
181378
181094
180914
181142
181160
180952
181058
180946
180968
180952
180952
181174
181328
181266
180998
180808
180660
180708
180800
180678
180698
180760
180846
180916
180630
180378
180312
180374
180366
180882
180826
180800
180516
180370
180422
180564
180628
180490
180302
179954
179888
179888
179890
179808
179772
179604
179810
179664
179722
179510
179518
179332
179406
179062
178818
178810
178800
178804
178786
178838
178774
179054
179106
178698
178620
178618
178666
178582
178516
178662
178554
178032
177800
177940
177740
177738
177690
177644
177546
177726
177850
177808
177794
177940
177736
177842
177846
177998
177950
177966
177910
177386
177336
177434
177430
177430
177440
177372
177544
177262
177092
176878
176966
176974
176988
176812
176804
176612
176582
176650
176788
176400
176372
176258
176170
175868
175864
175830
175878
175650
175470
175378
175522
175528
175636
175406
176074
176172
176108
176046
175672
175800
175766
175766
175670
175618
175520
175504
175582
175318
175398
175750
176092
176306
176258
176300
176432
176418
176112
175832
175792
175322
174908
174800
174806
174758
174308
174218
173952
173602
173638
173824
173850
173126
172912
172646
172366
172436
172520
172550
172404
172092
172218
172004
172280
172294
172342
172216
172248
172374
172302
172318
172358
172610
172484
172432
171824
171754
172010
172042
172256
172466
172532
172514
172008
172000
172122
172052
171970
171816
171514
170884
170850
170468
170460
170398
170356
169898
169684
169214
169196
168942
169010
168862
168094
167922
167810
167870
167874
167786
167766
167516
167554
167974
167668
167568
167374
167262
167198
167114
166930
166692
167108
166842
166364
165812
165836
165790
165946
165906
165780
165470
165484
165184
164938
164922
164920
164776
165036
164618
164644
164896
164850
164830
164440
164512
164654
164558
164418
164474
164428
164372
164438
164652
164610
164498
164680
164658
164584
164458
164504
164778
164582
164308
164160
163954
163702
163670
163646
163088
163088
163152
162992
163288
163018
162982
162960
162688
162854
163186
163240
163156
162850
162990
162878
163038
162908
163018
163050
163170
163246
163134
163012
162846
162780
162792
162592
162478
162490
162448
162820
162478
162130
162158
161992
162048
161640
161614
161808
161706
161022
161068
160968
160820
160572
160716
160832
160802
160532
160060
159930
159914
160024
159694
159346
159584
159402
159504
159558
159422
159668
160110
159674
159714
159704
159808
159992
159972
160192
160160
160168
160048
160128
160470
159830
160024
160268
160164
160068
160078
159760
159792
160180
160128
160352
160308
160226
160362
160444
160408
160472
160452
160534
160284
160024
160112
160122
160178
160260
160370
160238
160652
160746
160782
160840
160856
160906
160546
160576
160492
160908
160956
160948
161074
161030
161298
161316
160982
160714
160864
160774
160504
160342
160340
160232
160064
160184
160470
160108
160032
159900
159984
159338
159400
159364
159446
159542
159308
159228
159108
159362
159012
159080
158896
158844
158890
158808
158832
158636
158672
158656
158568
158592
158476
158386
158336
158392
158412
158366
158042
157966
158180
158200
158082
158124
157892
157580
157702
157412
157306
157248
157484
157332
157492
157534
157522
157620
157332
157240
156962
156936
157006
156770
156744
156416
156382
156652
156482
156480
156398
157070
157062
157314
157374
157348
157460
157420
157368
157218
157214
157022
157118
156742
157050
157046
157098
157230
157196
157298
157374
157272
156914
156960
156608
156566
156754
156388
156356
155950
155750
155826
156042
156422
156556
156590
156278
156314
156390
156392
156360
156386
156386
156488
156718
156734
156440
156518
156408
156450
156488
156240
156024
155976
155934
155980
155750
155480
155348
155138
155230
155298
155486
155146
154996
154440
154308
154084
154426
154416
154610
154618
154822
154688
154366
154290
153938
153686
153014
153050
152856
152966
153170
153244
153378
153430
153658
153486
153466
153436
153366
153236
153178
152836
153064
153098
153140
153122
153148
152492
152452
152574
152558
152502
152314
152586
152798
152298
152300
152082
152108
152170
152088
151838
152026
152122
152030
151946
151734
151964
151882
152158
152042
151976
151946
151876
152226
152216
152332
152418
152568
152218
152014
152018
151782
151152
150862
150892
150678
150532
150406
150342
150362
150018
149876
149912
149582
149698
149276
149262
149222
149420
149336
149278
149186
149196
148952
149040
149070
149020
149170
148986
149116
149350
149008
148918
148962
149304
148978
148980
148850
148734
148930
149026
148864
148386
148496
148330
148202
148276
148278
148246
148200
148266
148174
147866
148036
148070
148120
148052
148072
148076
148084
147950
147738
147768
147536
147462
147432
147520
147514
147622
147652
147702
147632
147700
147818
147864
147892
148170
147844
147732
147634
147800
147928
147800
147694
147586
147534
147512
147482
147282
147608
147360
147190
147562
147364
147500
147814
148006
147996
148148
148186
148148
148054
147958
148204
148132
148216
148246
148200
148198
148004
148270
148244
148276
148418
148344
148420
148684
148588
148512
147962
147926
147570
147686
147852
147896
147942
148140
148000
147754
147590
147624
147570
147550
147516
147564
147596
147384
147224
147206
146522
146384
146404
146162
146026
145908
146004
146114
146452
146506
146218
146170
146536
146164
146172
145830
145916
145904
145310
144794
144750
144752
144510
144172
143776
144002
144070
144050
143860
143886
143940
144064
143660
143518
143550
143408
143544
143278
143258
143246
143320
143664
143656
143468
143504
143472
143462
143476
143522
143444
143580
143786
143842
143818
143790
143804
143496
143472
143616
143794
143706
143668
143850
144160
143764
143620
143534
143286
143368
143252
143058
143032
142986
142928
143068
142666
142610
142706
142652
142540
142356
142162
142542
142618
142482
142362
142420
142446
142488
142502
142548
142692
142808
142682
142692
142614
141954
141834
141368
141268
141418
141218
141246
141400
141284
141374
141292
141298
141328
141322
141270
140932
141238
141150
141066
140916
141232
141148
141284
141330
141502
141832
141974
141750
141796
141912
142100
141890
141956
142064
142310
142364
142222
141638
141542
141538
141664
141516
141428
141364
140966
140718
140512
140430
140318
139918
139706
139508
139264
139524
139732
139722
139804
139936
139954
139852
139636
139736
139846
139782
139584
139538
139260
139356
139194
139306
139218
139172
139718
139764
139482
139520
139726
139734
139656
139032
139150
139214
138842
138566
138774
138904
138598
138526
138512
138414
137932
137812
137688
137566
137540
137254
137218
137208
137184
137144
137360
137610
137654
137872
137920
137884
137468
137364
136918
136588
136218
135700
135444
135630
135350
135192
135010
135396
135498
135476
135596
135946
136120
136232
136256
136078
135712
135506
135644
135598
135652
135696
135622
135422
135410
135466
135510
135492
135368
135324
135304
135542
135942
135342
135510
135350
135622
135564
135532
135362
135444
135422
135434
135118
135000
135040
135100
134954
134750
134290
134226
133912
133840
133724
133700
133798
133590
133390
133452
133636
133806
133752
133440
133900
133888
134002
134052
134124
134282
134414
134186
134046
134144
134444
134464
134514
134454
134434
134662
134662
134744
135022
134632
134882
134962
134870
135060
135206
135318
134794
134786
134776
134920
135052
134980
135142
134936
134910
134858
134674
134686
134464
134470
134486
133878
133896
133996
133754
133452
133612
133542
133484
133662
133948
134080
133872
134066
134036
134182
134260
134646
134558
134546
134620
134592
134398
134278
134108
133784
133982
134038
133926
134116
134078
134030
133974
134086
133862
134012
133988
134268
134382
134434
134384
134582
134408
134248
133920
133956
133824
133624
133568
133470
133276
132960
132886
133016
133112
133264
133006
132990
133076
132886
132910
132712
132612
132730
132380
132432
132260
132148
132228
132270
132288
131824
131842
131826
131648
131712
131388
131440
131632
132026
132002
131590
131556
131386
131340
130950
131266
131474
131564
131566
131542
131446
131280
130900
130876
131026
130862
131070
130798
130602
130368
130002
130100
130160
130204
130406
130054
129808
129672
130040
129992
130266
130204
130228
130172
130070
129492
129622
129664
129682
129878
129900
129618
129412
129376
129286
129126
129120
129054
129164
129358
129318
129220
128960
129018
129018
129248
129328
128608
128336
128194
128162
127964
128096
127742
127372
127408
127144
127008
127096
126200
126292
126134
126030
126138
126246
126172
126218
126312
126032
125802
125796
125704
125854
125796
125880
125894
125998
126032
126088
126334
126562
126738
126772
126946
126784
126898
126838
126752
127154
127140
127098
127186
127382
127546
127434
127176
127262
127288
127236
127082
127162
127064
126958
126924
127114
127068
127026
127264
127242
127402
127004
126824
126718
126726
126592
126606
126248
126244
126126
126184
126336
126452
126428
126092
126156
126088
126230
126180
125750
125628
125476
125854
125898
125862
125916
125828
125832
125706
125634
125558
125642
125670
125584
125556
125750
125702
125392
125786
125698
125162
125248
125008
124926
124912
124714
124734
124714
124686
124576
124550
124810
124856
125158
125498
125474
125650
125794
125704
125682
125772
125588
125492
125550
125560
125504
125538
125456
125154
125186
124894
124850
124824
124804
124724
124566
124390
124074
123798
123718
123508
123426
123126
123180
123122
123412
123408
123444
123260
123256
123344
123284
123374
123392
123382
123646
123880
123886
123694
123690
123654
123800
123254
123278
123322
123492
123514
123214
123244
123304
123230
123090
123084
123048
122924
122904
122602
122280
122324
122240
122122
122110
122082
122106
122444
122480
122436
122176
122498
122366
122386
122356
122698
122812
122696
122358
122380
122332
122252
122028
122068
122160
122444
122462
122286
122448
122360
122278
122534
122582
122578
122666
122638
122464
122388
122214
122170
122116
122154
122176
122104
122228
122358
122240
122244
122048
121908
121478
121634
121686
121608
121644
121670
121744
121668
121004
120860
120672
120784
120764
120648
120204
120116
120230
120118
120006
120146
119698
119278
119306
119264
119250
119180
119310
119318
119562
119048
118978
119034
118796
118908
118944
118588
118510
118546
118286
118300
118436
118416
118524
118452
118534
118380
118316
118332
118384
118340
118400
118424
118508
118330
118082
118164
118330
117858
117748
117732
118090
118296
118518
118606
118622
118866
118998
118768
118414
118104
118096
117994
118234
118328
118336
118314
118270
118056
118136
118178
118102
117758
117888
117848
117768
117800
117776
118152
118296
118362
118676
118812
118710
119024
119168
119108
118514
118384
118292
118242
118280
118134
118032
117656
117606
117578
117768
117844
117414
117246
116916
116862
116880
116736
116682
116920
116840
116744
116664
116580
116504
116472
116676
116502
116378
116342
116426
116326
116298
116562
116702
116518
116454
116522
116982
116794
116706
116704
116652
116472
116082
116088
115942
116294
116038
115902
115814
115588
115556
115442
115186
115176
114982
114948
115198
115272
115000
115222
115356
115502
115372
115446
115332
115290
115184
115090
114938
114922
114966
114808
114852
114662
114348
114592
114668
114608
114602
114414
114212
113976
113972
113826
113564
113616
113708
113596
113772
114192
114228
114498
114660
114520
114390
114426
114674
114680
114718
114848
114796
115000
114920
114890
114846
114716
114570
114446
114242
114024
113946
114238
114476
114310
114362
114304
114268
114210
114316
114388
114246
114196
114120
114166
113968
114320
114506
114432
114366
114318
114446
114328
114062
114328
114082
114012
113968
113872
114200
114214
113944
114022
113694
113624
113286
113338
113334
113538
113634
113730
113872
113704
113500
113332
113444
113630
113952
113818
113834
113850
113960
114106
114120
113926
113956
113752
113840
113904
113890
113874
113728
113136
113256
113046
113184
113352
113178
112856
113044
113076
113024
113172
113080
113232
113246
113184
113250
113242
112964
112890
112608
112792
112832
112818
113028
113014
113000
113180
112986
112524
112470
112660
112964
112926
112712
112814
112818
112902
112956
112646
112612
112432
112448
112462
112388
112430
112422
112476
112426
112336
112340
112368
112226
112184
112184
112190
111952
111876
111694
111696
111710
111696
111724
111730
112170
112168
111734
112054
111932
111684
111756
111692
112026
112662
112692
112838
112868
112482
112450
112614
112624
112648
112642
113078
113258
113016
112894
112784
112636
112716
112614
112600
112910
113088
113230
112894
113298
113362
113322
113382
113612
113280
113120
113582
113560
113506
113768
113918
114296
114514
114162
114218
113904
114090
114234
114430
114356
114210
114322
114316
114442
114410
114482
114162
114056
114258
114082
113714
113790
113690
113722
113630
113622
113838
113962
114038
113994
113908
113602
113486
113352
113324
113214
113224
113144
113140
113100
113410
113400
113056
113106
113442
113140
113468
113462
113306
113376
113394
113510
113050
112656
112532
112570
112232
112296
112402
112442
112698
112530
112606
112736
113012
113020
112908
112898
112682
112728
112738
112972
113148
113554
113370
113216
113210
113312
113298
113486
113720
113554
113566
113542
113672
113348
113538
113586
113638
113748
113774
113736
113546
113494
113442
113348
113236
113200
113022
113026
113086
113086
113298
113158
113282
113144
113112
113036
113164
112994
112820
112876
112808
112810
113146
113192
113268
112940
112976
112480
112544
112540
112438
112522
112414
112548
112766
112504
112580
112756
112864
112874
112668
112604
112496
112408
112560
112290
112392
112406
112438
112558
112724
112676
112206
112256
112192
112278
112032
111990
112066
111986
111718
111760
111572
111442
111128
111206
111286
111214
111144
111316
111378
111288
111184
110848
110722
110800
111314
111362
111510
111614
111548
111452
111320
111328
111248
111208
111202
110762
110928
110762
111032
110894
111022
111044
111304
111328
111568
111164
111338
111090
111078
111218
111230
110730
110680
110576
110432
110440
110680
110704
110766
110670
110668
110578
110246
110122
110164
110404
110416
110804
110980
110938
110912
110430
110622
110668
110566
110548
110304
110066
110232
110352
110580
110444
110506
110314
110310
110300
110496
110704
110766
110960
110880
111072
111030
110946
110670
110606
110546
110616
111058
111172
111018
110890
111360
111050
111108
110868
110604
110740
110812
110668
110894
110892
110710
110684
110462
110342
110292
110448
110464
110448
110892
110898
110930
110932
110736
110720
110800
110764
110658
110610
110626
110392
110520
110504
110416
110388
110152
110140
110234
110002
109920
109860
109672
109710
109794
109682
109798
109644
109594
109862
109602
109644
109414
109380
109640
109772
109458
109022
109134
109190
109088
109170
109138
109178
109194
109068
109344
109426
109390
109336
109280
109180
109376
109388
109176
109602
109704
109684
109332
109208
109200
109144
109092
109004
108836
108640
108750
109028
109108
109164
109328
109110
108986
109112
108992
109082
109066
108808
108812
108766
108758
108710
108580
108556
108632
108406
108304
108536
108608
108620
108644
108596
108338
108660
108602
108880
108796
108820
108806
108718
108992
108902
108878
108896
108954
108710
108662
108744
108610
108644
108580
108412
108274
108590
108592
108652
108602
108676
108814
108668
108732
108850
107966
107890
108004
108062
107772
107756
107748
107858
107722
107698
107664
107662
107792
107862
107960
108338
108978
109114
109080
109066
109064
109144
108968
109128
109162
109654
109500
109480
109472
109452
109502
109392
109126
109424
109510
109534
109542
109166
108586
108526
108458
108578
108376
108612
108798
108656
108504
108344
108152
108008
107588
107390
107610
107204
107456
107426
107608
107674
107536
107360
107062
106814
107056
106898
106974
107012
107064
106828
106786
106552
106554
106606
106616
106762
106988
107134
106800
106624
106638
106806
106326
105904
105710
105844
105854
105760
105660
105608
105608
105700
105708
105618
105584
105714
105558
105614
105704
105774
105628
105610
105536
105470
105882
105928
105798
105606
105702
105646
105516
105374
105244
105710
105794
105790
105782
105648
105588
105570
105462
105628
105638
105416
105536
105572
105476
105494
105592
105824
105952
106070
106272
106090
106142
106228
106064
105782
105702
105062
104966
104914
104970
104984
105074
105108
105142
104986
104982
104712
104180
104656
104528
104640
104664
105100
105086
105038
105152
104988
104952
104986
104852
104856
104696
104770
104786
104772
104722
104944
104772
104450
104406
104488
104638
104804
104808
104918
104802
105102
104948
104922
104700
104904
104838
104960
104950
105024
105084
104956
104934
105064
104932
104850
104738
105166
105538
105452
105368
105280
105582
105866
105996
106328
106086
105996
106026
106162
106206
106208
106578
106754
106926
106826
106922
107086
107230
107540
107444
107780
107922
107790
107820
107370
107284
107262
107334
107312
107486
107550
107624
107958
108102
108018
108012
108364
108546
108594
108488
108488
108376
108586
108516
108264
108356
108952
108912
108974
109234
109342
109490
109602
109560
109486
109240
109038
108686
108514
108392
108368
108388
108862
108370
108570
108272
108256
108064
107780
107772
107702
107584
107786
107812
108066
108450
108576
108524
108562
108644
108434
108240
108174
108098
107986
107842
107670
107770
108148
108014
108010
107998
107860
107928
107932
108132
108188
108274
108246
107712
107632
107906
107974
107916
107906
107800
107136
106882
106936
106946
106866
106760
106656
106590
106594
106582
106410
106348
106526
106366
106126
106278
106274
106516
106582
106234
106362
106340
106426
106306
105870
105774
105730
105464
105560
105842
105738
105704
105712
105728
105350
105158
105030
104948
104860
105168
105156
105088
105050
105142
105060
105156
105182
105448
105480
105496
105486
105486
105408
105532
105226
105236
105162
105404
105306
105306
105316
105384
105304
104960
104734
104426
104772
104642
104434
104504
104434
104564
104390
104358
104190
104146
104546
104570
104704
104444
104490
104230
104304
103944
103820
103854
104058
104124
104268
104274
103990
104248
104322
104276
104280
104358
104154
103888
104032
104024
103938
103914
104042
104126
103946
103858
103772
103372
103530
103550
103390
103604
103964
104054
103998
103634
103190
103256
103346
103308
103218
103344
103288
103004
103078
103068
103156
103282
102856
102428
102412
102230
102410
102556
102540
102866
102990
102938
102960
102560
102380
102464
102480
102350
102352
102448
102410
102382
102484
102726
102890
102916
102858
103026
103008
102970
102994
103016
103034
103084
102552
102550
102204
102258
102512
102452
102308
102284
101780
101690
101500
101374
101126
101280
101110
100946
100992
100736
100650
100688
100870
100848
100908
100854
100552
100668
100662
100448
100422
100338
100468
100732
100678
100678
100692
100528
100440
100440
99926
100162
99802
99796
100408
100272
100310
100364
100438
100424
100938
100832
100810
101216
101156
101162
100836
100648
100922
101198
101068
100500
100216
100236
100348
100396
100440
100166
100122
99914
99678
99618
99756
99486
99518
99484
99518
99588
99536
99470
99418
99372
99420
99480
99280
99680
99284
99236
99314
99392
99216
99526
99550
99286
99232
99000
98906
99058
99266
98928
99018
99150
99048
98944
99026
98970
99022
98868
98922
98840
98930
99074
98676
98594
98524
98484
98492
98894
98834
98634
98600
98960
98766
98890
98968
98756
99110
99078
98964
98822
99154
99044
99054
99064
98662
98700
98512
98624
98758
98722
98688
98632
98654
99136
99150
99278
99300
99166
99220
99496
99258
99008
99122
99370
99370
99160
99048
98756
98242
98272
98622
98216
97878
98032
97990
98108
98112
98168
98158
98194
98214
97946
97910
97590
97470
97356
97410
97674
97902
97732
98094
98056
98066
97772
97772
97800
97930
97912
98152
97946
97952
97968
98044
97946
98068
98154
98130
98194
98254
98024
98136
97974
98372
98390
98692
98304
98188
97660
97542
97710
97544
97418
97580
97844
97868
97948
97570
97658
97630
97576
97876
97434
97310
97462
97282
97066
97164
97256
97310
97788
97664
97580
97914
98034
98022
98126
98214
98178
98058
98178
98048
98030
98450
98462
97938
97976
98048
98354
98320
98424
98498
98592
98968
98980
99040
99022
99178
98924
98912
99022
99106
99300
99212
99574
99212
98628
98770
98698
98714
98442
98522
98488
98534
98528
98508
98434
98452
98686
98594
98360
98148
98006
97984
97846
97726
97676
97712
97730
97720
97930
97898
98010
98020
97970
98004
98010
98356
98440
98286
98320
98354
98346
98330
98470
98352
98334
98328
98220
98190
98674
99092
99176
99148
99206
99252
99366
99384
99288
99318
98994
98910
99010
98734
98738
98766
98760
98848
98574
98648
98316
98284
98322
98262
98348
98280
98364
98146
98228
98358
97982
98092
97878
98228
98470
98528
98582
98476
98546
98556
98928
98832
98396
98456
98304
98398
98714
98880
99192
98772
98890
98536
98062
98090
98086
98190
97668
97630
97148
97208
97178
96944
96984
96844
96862
97096
96886
96832
96978
97196
97114
97032
96714
96392
96246
96226
96140
96180
96030
95990
95944
95834
95434
95500
95558
95500
95182
95194
95458
95458
95514
95358
95414
95520
95474
95438
95526
95630
95662
95602
95592
95398
95360
95300
95272
95202
95280
95312
95360
95406
94994
94926
94832
94838
94586
94728
94672
94766
94442
94756
94722
94372
94396
94500
94802
95054
95066
94860
94720
94746
94898
94896
94924
94850
95062
95132
94926
94910
95036
95116
95220
95490
95674
95706
95724
95950
96070
95990
96170
96050
96022
96096
96492
96494
96010
95986
96158
96066
96082
96056
96550
96518
96406
96592
96614
96612
96810
97132
97156
97014
96698
96104
96462
96500
96324
96408
96250
96346
96320
96594
96734
96334
96320
96298
96146
96104
96264
96222
96300
96382
96578
96588
96824
96642
96840
96768
96614
96554
96546
96462
96474
96576
96786
96546
96470
96354
96362
96286
96028
96434
96376
96184
95918
96236
96218
95948
96110
96402
96342
96654
96386
96378
96266
96516
96204
96376
96494
96572
96454
96498
96352
96396
96394
96316
96514
96524
96542
96460
96582
96322
96340
95760
95840
95816
95322
95528
95714
96086
96378
96308
95896
95856
95658
95730
95802
96040
96124
95994
96154
96144
96206
96272
96214
96136
96880
96954
97020
96974
97436
97436
97100
97124
97298
97504
97540
97446
97188
97016
97034
96782
96852
96898
96794
96946
96912
96816
97130
96996
97070
97180
97448
97438
97594
98092
97934
97866
97460
97484
97022
96636
96586
96514
96948
96970
97588
97560
97684
97690
97366
97404
97456
97388
97316
97516
97296
97110
97058
97020
97004
97098
96734
96786
96826
96776
96592
96262
96708
96992
96832
96800
96554
96638
96684
96584
96106
96426
96602
96276
96328
96570
96928
96754
96946
96936
96524
96922
96476
96522
96508
96366
96478
96940
96812
97156
96986
97056
97454
97790
98030
98126
97732
98100
97688
97710
97796
97716
97802
97554
97480
97300
97420
97484
97614
97738
97808
97830
98336
98094
98206
98156
98400
98838
98808
98582
98728
98872
98926
98880
98958
98912
99200
99680
99246
99176
99254
99134
99186
99330
98984
99120
99008
98802
98406
98432
98348
98412
98550
98338
98266
98184
97636
97876
97854
98044
97974
97846
97952
98074
98438
98066
97874
97668
97682
97720
98048
97522
97888
97856
97766
97614
97352
96914
96992
96766
97066
97228
97204
97010
96996
97026
97114
97316
97276
97334
97174
96980
96900
97272
96830
97332
97270
96790
96754
96678
96808
96736
96848
97040
97202
97392
97700
97302
97254
97176
97182
97352
97270
97454
97294
97428
97386
97350
97258
97178
97264
96964
96900
96946
96576
96630
96356
96054
96212
96366
96280
96168
96610
97308
97392
97394
97680
97872
97648
97532
97462
97686
97740
97694
97802
97718
97606
97460
97606
97648
97648
97630
97548
97434
96968
97274
97352
96896
96846
96806
96878
96774
97398
97648
97598
97672
97622
97554
97544
97560
97466
97330
97186
97114
96822
96906
96938
96652
96768
96714
97134
97048
96988
97086
96984
97164
97154
97348
97394
97494
97150
97028
97074
96798
96866
96852
96694
96700
96634
96684
96936
96872
96826
96784
96040
96252
96632
96456
96326
96408
96550
96660
96458
96598
96888
96586
96350
96584
96800
96810
96368
96198
96374
96160
96202
96134
95970
96188
96420
96470
96628
96754
96752
96776
96548
96422
96182
96200
95814
95858
95826
95462
95726
95938
95918
95824
95926
96026
95720
95196
95070
95114
95116
94498
93840
94026
94102
94202
94192
94228
94040
94184
94084
94510
93928
93642
93730
93606
93962
94256
94202
94270
94284
94288
94252
93994
93948
93858
93884
93578
93282
93244
93208
93068
93058
93046
92806
92678
92538
92456
92446
92606
92614
92488
92502
92426
92488
92234
92250
92144
92182
92130
92092
92342
92224
91974
91992
91942
91980
92076
91880
91852
91992
92176
92890
93034
93248
93200
93196
92946
93000
92782
92084
92610
92460
92530
92446
92462
92452
92444
92356
92458
92280
91724
91634
91690
91378
91274
91186
91224
91174
91550
91476
91536
91564
91420
91546
91634
91722
91780
91864
91860
91896
91958
91908
91848
91962
91764
91408
91542
91706
91714
91512
91400
91252
91574
91400
91654
91672
91342
91322
91526
91598
91480
91598
91738
91822
91554
91586
91580
91726
91618
91852
91864
91972
91992
91394
90960
90994
91054
91064
90986
91136
91074
91016
91026
91076
91198
91156
91320
91492
91358
91338
91242
91332
91444
91342
91342
91290
91310
90990
91052
90428
90222
90084
90276
90336
90570
90590
90476
90654
90716
90214
90010
89914
90370
90418
90356
90744
90818
90904
90594
90564
90560
90930
90722
91046
91092
91100
91086
90980
90762
90766
90744
90676
90702
90532
90646
90646
90696
90920
91006
90928
91106
91358
91112
91478
91612
91150
91112
91052
91226
91478
91478
91460
91232
91274
91322
91598
91588
91500
91652
91700
91916
91896
91440
91668
91794
91786
91732
91580
91532
91484
91198
91250
91324
91384
91482
91460
91426
91070
91016
90776
90852
90634
91068
91080
91022
90788
90890
90874
90556
90650
90982
91036
90984
91068
90962
91112
90884
90614
90518
90284
90274
90358
90238
90236
90332
90128
90306
90228
90198
89818
89840
89882
90002
89782
89706
90110
90284
90306
90464
90544
90512
90574
90432
90242
90248
89988
89904
90102
90060
90168
90082
90246
90068
90020
90334
89976
89920
89584
89402
89436
89406
89242
89254
89298
89516
89438
89508
89144
89054
88994
88952
89200
89594
89836
89916
90056
90044
90058
89860
89844
90196
90426
90234
90222
89890
90084
90448
90274
90154
89924
89564
89452
89202
88954
88908
88830
88460
88432
88838
88818
89110
88786
88616
88796
89116
89050
89030
89428
89006
88788
88688
88542
88178
88426
88710
88598
88680
88572
88704
88606
88936
88834
88712
88894
88918
89006
89156
89056
89158
88882
88716
88424
88144
87792
87714
87720
87818
87840
88104
88092
88052
88072
88202
88112
88014
88264
88242
87760
87784
87640
87658
87688
87714
88076
87884
87896
87928
87876
87892
87906
87872
87946
87734
87704
88040
88268
88458
88544
88072
88274
88366
88266
88410
88188
88354
88414
88796
88956
89002
88618
88558
88588
88668
88648
88386
88180
88518
88698
88798
88766
88792
88704
88824
88932
89164
88928
88714
88234
88020
88138
87964
87972
87806
87624
87448
87656
87490
87444
87472
87256
87238
87566
87614
87710
87512
87512
87450
87472
87242
87014
87386
87050
86720
86922
86988
86966
86790
86882
86826
86656
86788
86950
87202
87000
86940
87068
86664
86634
86710
86620
86348
86146
86368
86470
86500
86708
86778
86896
86786
86834
86734
86548
86418
86252
86208
86208
86122
85980
86034
85954
85974
85928
86146
86062
85964
86058
86104
86072
86116
86028
86226
86162
86326
86190
86352
86144
86154
86758
86726
86734
86422
86510
86606
86452
86530
86484
86488
86392
86460
86606
87014
86928
86780
86814
86778
86910
86588
86540
86558
86864
86904
86782
86690
86730
86996
86778
86674
86664
86536
86512
86518
86404
86594
86674
87132
87330
87360
87392
87348
87380
87348
87352
87714
87760
87892
87826
88062
87726
87706
87904
88196
88006
87982
87644
87714
87578
87380
87468
87396
87198
87282
87360
87392
87678
88104
88148
88078
88044
87962
88144
88138
88200
87966
88180
88136
88412
88436
88470
88550
88336
88296
88422
88462
88432
88694
88530
88574
88772
88558
88590
88522
88490
88422
88414
88446
88282
88202
88066
88312
88068
88100
87756
87460
87614
87778
87762
87456
87350
87144
87404
87546
87302
87234
87108
87378
87324
87292
87078
87258
87356
87524
87382
87166
87198
87256
87594
87598
87486
87126
87060
86892
86572
87032
87212
86874
86786
87146
87220
87264
87488
87632
87624
87544
87292
87270
86844
87136
87404
87366
87204
87148
87100
86958
86842
86862
86980
87156
86912
87006
86760
86616
86676
86978
86900
87118
87084
86984
87018
87080
86872
86676
86794
86798
86994
86848
87114
87376
87016
87044
86894
87036
87044
86850
86956
86882
86814
87046
86946
86828
86892
86908
86980
86872
86954
86820
86670
86860
86852
86708
87272
87140
87216
87176
87182
87204
87342
87238
87516
87540
87836
87812
87598
87996
87878
87924
88074
87936
87744
87742
87766
87464
87410
87470
87620
87510
86946
86972
86822
86910
87118
86888
86736
87112
86714
86666
86542
86684
86636
86414
86526
86256
85924
85586
85240
85016
85094
84944
85054
84912
85050
85086
85174
84912
84792
84594
84436
84366
84350
84114
84258
84540
84396
84572
83968
83808
83702
83704
83614
83764
83708
83766
83774
83482
83494
83576
83784
83638
83718
83758
83482
83618
83520
83658
83936
83804
83710
83844
83764
83828
83898
84416
84654
84524
84772
84582
84602
85090
85142
84880
84882
84808
84786
84474
84516
84564
84520
84438
84986
85218
85316
85602
85676
85652
85568
85654
85478
85296
85108
84954
85068
84830
84950
85024
84890
84938
84818
84794
84714
84524
84440
84428
84358
84312
84222
84286
84274
84102
84070
84028
84072
83984
84314
84216
84536
84564
84384
84790
84654
84534
84426
84378
84420
84092
84104
84094
84114
84036
83874
83800
83556
83686
83736
83672
83544
83672
83450
83652
84060
84060
83934
84126
84150
84688
84432
84478
84434
84412
84270
84560
84622
84674
84870
84670
84976
84724
84884
84674
84750
84646
84576
84532
84628
84678
84870
84914
85266
85366
85342
85572
85668
85766
86128
86182
86332
86030
86574
86532
86270
85752
86290
86436
86678
86726
86648
86752
86666
86568
86310
85928
85890
85888
86050
86002
86014
86046
86216
86040
85582
85862
86102
86028
85490
85696
85584
85604
85572
85502
85680
85770
85978
85796
85586
85590
85656
85604
85540
85334
85684
85754
85892
85816
86048
86028
86390
86168
86368
86174
86068
86158
86146
86106
85822
85676
85748
85136
84774
84822
84594
84488
84810
85424
85366
85796
85628
85558
85508
85180
85184
85152
85234
85550
85344
85330
85268
85316
85634
85534
85500
85326
85330
85594
85772
85820
85576
85750
85716
85856
85952
85974
86102
85998
85756
85964
86048
86028
86062
86080
86362
86280
86340
86664
86530
86122
86204
86038
86074
86078
85776
85646
85694
85928
85650
85850
85874
85288
85400
85434
85562
85652
85474
85490
85442
85360
85180
85146
85022
85160
85064
85108
85312
85404
85202
85028
84470
84558
84446
84410
84518
84318
84334
84604
84444
84528
84468
84552
84356
84390
84358
84354
84010
84006
83860
83900
84166
84122
84142
84180
83968
84020
84056
84088
84116
84082
84302
84428
84236
84318
84180
84062
84044
83972
84128
84266
84218
84134
84058
84018
83976
83828
83842
84008
84090
83886
83834
83776
83370
83352
83318
83510
83516
83634
83388
83542
83380
83456
83300
83182
83144
83270
83330
83050
83102
83388
83234
83222
83110
82842
83082
83156
82668
82700
82754
82882
83028
82732
82908
82926
82874
82798
83026
83064
83164
83116
83040
83064
83086
83042
83032
82784
82612
82438
82594
82592
82824
83294
83174
83228
82716
82878
82906
82950
83032
82830
82800
82920
82662
82660
82484
82298
82260
82372
82180
82072
81838
81874
81846
81698
81502
81756
81142
81106
81490
81596
81548
81938
81886
81666
81476
81328
81162
81150
81018
80792
80802
80946
81186
81090
81520
81626
81592
81524
81064
81294
81460
81492
81422
81620
81584
81936
81892
81698
81694
81566
81456
81330
81388
82024
81570
81666
82058
81814
81958
81862
81700
81650
81488
81570
81552
81354
81388
81536
81602
81782
81884
81810
81906
81828
81776
81748
81610
81666
81434
81598
81462
81542
81248
80888
80720
80958
81456
81064
81032
80512
80582
80600
80790
80944
80878
80938
80904
80924
80844
80964
80718
80566
80678
80412
80142
80124
79976
79518
79672
79798
79664
79646
79886
80184
80072
80374
80470
80758
80964
80986
81006
81238
81256
81028
80884
81024
81006
81118
81262
81334
81244
81294
81210
81322
81210
81474
81456
81252
81098
80836
80782
80992
81046
81136
81736
81682
81670
81648
81538
81510
81460
81378
81206
81448
81304
81016
81028
80916
80832
80544
80736
80434
80540
80564
80452
80402
80468
80956
81216
81214
80968
81194
81262
81208
81212
81220
81016
81130
80966
81042
81196
81126
81204
81444
81016
81060
80948
80680
80820
80806
80786
80598
80638
81044
80934
81132
80992
81014
81028
80788
80818
80794
80718
80732
80618
80608
80810
80828
80936
80830
81160
81256
81674
81684
81492
81478
82086
81964
81904
82044
81824
81980
82044
82192
82152
82016
82068
81810
81746
81772
81842
81766
81706
81628
81524
81720
81828
81970
81980
82060
82080
82028
82082
81994
81842
81992
81948
81750
82030
82096
81942
82230
82468
82662
82614
82476
82262
82178
82266
82246
82150
82226
82076
82258
82608
82390
82440
82524
82486
82296
82620
82636
82418
82266
82284
82294
82276
82520
82640
82500
82700
82922
82686
82806
82870
82878
82634
82382
82522
82420
82462
82314
82170
82190
82594
82630
82940
82904
82830
82426
82424
82518
82450
82162
82094
82196
82254
81904
81528
81660
81868
81450
81494
81382
81528
81808
81932
81690
81704
81656
81580
81442
81236
80930
80962
81088
80912
80704
80742
80698
80662
80522
80638
80574
80490
80244
80124
80210
80016
79730
79690
79410
79188
79142
79292
79202
79586
79496
79718
79408
79152
79362
79720
79808
79498
79412
79474
79444
79346
79442
79352
79370
79372
79588
79586
79606
79720
79698
79444
79480
79406
79074
79388
79628
79692
79486
79498
79276
79102
79458
79330
79318
79698
79726
79654
79906
79864
79782
79864
80008
80042
79830
79782
79810
80092
80112
79936
79980
79924
79620
79968
79728
79750
79794
79782
79782
79404
79426
79402
79186
79190
79046
79228
79240
79612
79700
79650
79586
79800
79954
79650
79518
79684
79738
79752
79732
80034
80176
80166
80112
80378
80594
80632
80696
80612
80638
80650
80726
80256
80198
80678
80996
80780
80820
80756
80846
80600
80282
80262
80380
80282
80360
80310
80296
80296
80444
80582
79982
79918
79968
80220
80074
80266
79894
79850
79878
79932
80030
80078
80386
81026
80844
80894
80850
80772
80736
81204
81468
81754
82028
82382
82466
82700
82462
82566
82596
82366
82322
82182
82454
82074
82024
82272
82588
82470
82594
82602
82398
82386
82380
82424
82452
82290
82150
82200
82232
82174
82088
82158
82172
82210
82098
82188
82300
82092
82020
82200
82328
82534
82524
82418
82494
82562
82388
82454
82596
82922
82538
82766
82394
82608
82588
82484
82556
82548
82548
82734
82818
82958
82736
82696
82704
82640
82652
82874
82956
82816
82622
82448
82380
82510
82296
82010
82106
81802
81646
81504
81276
81278
81334
81626
